[GeneticIndividual]: [-0.9141755,-0.8594012,0.4544966,-0.3949224,0.1462907,0.8483977,0.8449497,-0.5887394,0.07261479,0.3192551,0.4935226,-0.04646862,-0.6865938,-0.2933735,-0.4625286,-0.3071293,-0.4749054,-0.9570539,0.09462798,0.3596158,-0.819869,0.5434518,-0.1739043,0.7316408,0.6221368,0.9477062,0.9820688,-0.3001078,0.3438589,0.7714546,0.09277475,-0.09558094,0.2510693,0.1512083,-0.8695545,0.05405819,0.9529755,-0.09881938,-0.8005548,0.08184302,-0.2431191,0.8515942,-0.9555588,0.8526671,0.4862244,-0.2390095,-0.1473252,-0.1733607,0.6291003,-0.2800659,-0.2225147,-0.768445,0.5653141,-0.3672711,0.870229,0.1373037,-0.6982121,0.30532,0.6684108,-0.3381914]
Neural Network
Weights Layer 0
-0.9141755 -0.8594012 0.4544966 -0.3949224 0.1462907 0.8483977 0.8449497 -0.5887394 0.07261479 0.3192551 
Weights Layer 0
0.4935226 -0.04646862 -0.6865938 -0.2933735 -0.4625286 -0.3071293 -0.4749054 -0.9570539 0.09462798 0.3596158 
Weights Layer 0
-0.819869 0.5434518 -0.1739043 0.7316408 0.6221368 0.9477062 0.9820688 -0.3001078 0.3438589 0.7714546 
Weights Layer 1
0.09277475 -0.09558094 
Weights Layer 1
0.2510693 0.1512083 
Weights Layer 1
-0.8695545 0.05405819 
Weights Layer 1
0.9529755 -0.09881938 
Weights Layer 1
-0.8005548 0.08184302 
Weights Layer 1
-0.2431191 0.8515942 
Weights Layer 1
-0.9555588 0.8526671 
Weights Layer 1
0.4862244 -0.2390095 
Weights Layer 1
-0.1473252 -0.1733607 
Weights Layer 1
0.6291003 -0.2800659 


