[GeneticIndividual]: [-0.9639771,-0.7488236,0.1335808,-0.1416348,-0.7460918,-0.5010295,-0.4692975,-0.7389481,0.05125201,8.785725E-05,-0.8924532,-0.4945346,-0.4313852,0.6072111,0.09419167,0.5390689,0.501359,0.552423,-0.3237244,-0.04880822,-0.4278809,0.4389696,-0.04041803,0.7106316,-0.4102174,-0.8985798,0.2138261,0.999084,0.4669089,0.4701783,-0.3879653,-0.3604711,0.6893084,-0.2104846,0.7258613,-0.2086483,-0.6423485,0.9080777,0.7804909,0.334332,-0.4870526,-0.2250036,0.6227794,0.8702104,-0.2938744,0.4484715,-0.6194119,0.176355,0.836971,0.7636817,0.9344153,0.398077,-0.1058728,0.02349985,0.1091629,-0.2931682,-0.7239001,0.01099479,0.724946,-0.9834726]
Neural Network
Weights Layer 0
-0.9639771 -0.7488236 0.1335808 -0.1416348 -0.7460918 -0.5010295 -0.4692975 -0.7389481 0.05125201 8.785725E-05 
Weights Layer 0
-0.8924532 -0.4945346 -0.4313852 0.6072111 0.09419167 0.5390689 0.501359 0.552423 -0.3237244 -0.04880822 
Weights Layer 0
-0.4278809 0.4389696 -0.04041803 0.7106316 -0.4102174 -0.8985798 0.2138261 0.999084 0.4669089 0.4701783 
Weights Layer 1
-0.3879653 -0.3604711 
Weights Layer 1
0.6893084 -0.2104846 
Weights Layer 1
0.7258613 -0.2086483 
Weights Layer 1
-0.6423485 0.9080777 
Weights Layer 1
0.7804909 0.334332 
Weights Layer 1
-0.4870526 -0.2250036 
Weights Layer 1
0.6227794 0.8702104 
Weights Layer 1
-0.2938744 0.4484715 
Weights Layer 1
-0.6194119 0.176355 
Weights Layer 1
0.836971 0.7636817 


