[GeneticIndividual]: [0.2323443,-0.6532617,-0.4748863,-0.09713542,-0.3106672,0.760447,-0.3764349,0.6506402,0.7556868,-0.4851068,-0.6655087,-0.9086936,-0.3592182,0.2175583,0.4390573,-0.4602116,0.96719,0.7491813,0.9341238,-0.3837055,-0.1906673,0.05893123,0.3583204,0.3875503,0.8823304,-0.135846,0.7242193,0.1900562,-0.5604854,-0.2820283,-0.8223743,-0.1403991,-0.6307123,-0.05278575,-0.6960957,-0.7887132,0.02677214,0.5428817,0.6134005,-0.7311311,-0.08140624,-0.4326149,0.6070476,0.6081879,0.927232,-0.3743922,-0.5228322,0.5071669,0.7009895,-0.3078843,0.560889,0.3371274,0.4587011,0.8470225,-0.3868579,0.315741,-0.9457426,0.5274372,0.1501132,0.694824,0.08839619,-0.9999609,0.2568347,0.8344753,0.871428,0.2608418,-0.6406639,0.9422417,-0.480991,0.11984,0.2725703,-0.8705556,-0.5058692,-0.2330478,0.4206898,-0.85676,0.545274,-0.159331,0.750881,0.05101383,0.3822801,0.6162827,-0.4696883,0.9483163,0.9369581,-0.3067671,0.8967459,-0.06958997,-0.6124508,-0.2782794,0.1103038,-0.8417993,-0.3001112,0.6588495,0.1973258,0.6629565,-0.3011359,0.2942376,0.4191355,-0.5517421,-0.385332,0.3948219,0.9137471,-0.2033566,0.4845502,-0.4042522,0.5989766,0.2894113,0.8433261,0.5203161,0.7505267,-0.893424,0.9204102,-0.4025582,-0.4209324,0.8197138,0.9377413,-0.5415199,0.8305435,-0.315472,0.5992465,0.1015218,0.3480413,-0.6860819,0.1462907,0.8483977,0.04990709,0.8260627,-0.1753052,-0.3252071,0.5253165,-0.8857296,-0.6865938,-0.1206671,0.9337838,0.2460259,-0.9710684,0.6165016,0.3716719,-0.4344527,0.9318776,0.1884483,-0.02058327,-0.03666914,-0.7719138,-0.6358099,0.3218734,-0.5011957,-0.8481736,-0.09296334]
Neural Network
Weights Layer 0
0.2323443 -0.6532617 -0.4748863 -0.09713542 -0.3106672 0.760447 -0.3764349 0.6506402 0.7556868 -0.4851068 -0.6655087 -0.9086936 -0.3592182 0.2175583 0.4390573 -0.4602116 0.96719 0.7491813 0.9341238 -0.3837055 -0.1906673 0.05893123 0.3583204 0.3875503 0.8823304 
Weights Layer 0
-0.135846 0.7242193 0.1900562 -0.5604854 -0.2820283 -0.8223743 -0.1403991 -0.6307123 -0.05278575 -0.6960957 -0.7887132 0.02677214 0.5428817 0.6134005 -0.7311311 -0.08140624 -0.4326149 0.6070476 0.6081879 0.927232 -0.3743922 -0.5228322 0.5071669 0.7009895 -0.3078843 
Weights Layer 0
0.560889 0.3371274 0.4587011 0.8470225 -0.3868579 0.315741 -0.9457426 0.5274372 0.1501132 0.694824 0.08839619 -0.9999609 0.2568347 0.8344753 0.871428 0.2608418 -0.6406639 0.9422417 -0.480991 0.11984 0.2725703 -0.8705556 -0.5058692 -0.2330478 0.4206898 
Weights Layer 1
-0.85676 0.545274 
Weights Layer 1
-0.159331 0.750881 
Weights Layer 1
0.05101383 0.3822801 
Weights Layer 1
0.6162827 -0.4696883 
Weights Layer 1
0.9483163 0.9369581 
Weights Layer 1
-0.3067671 0.8967459 
Weights Layer 1
-0.06958997 -0.6124508 
Weights Layer 1
-0.2782794 0.1103038 
Weights Layer 1
-0.8417993 -0.3001112 
Weights Layer 1
0.6588495 0.1973258 
Weights Layer 1
0.6629565 -0.3011359 
Weights Layer 1
0.2942376 0.4191355 
Weights Layer 1
-0.5517421 -0.385332 
Weights Layer 1
0.3948219 0.9137471 
Weights Layer 1
-0.2033566 0.4845502 
Weights Layer 1
-0.4042522 0.5989766 
Weights Layer 1
0.2894113 0.8433261 
Weights Layer 1
0.5203161 0.7505267 
Weights Layer 1
-0.893424 0.9204102 
Weights Layer 1
-0.4025582 -0.4209324 
Weights Layer 1
0.8197138 0.9377413 
Weights Layer 1
-0.5415199 0.8305435 
Weights Layer 1
-0.315472 0.5992465 
Weights Layer 1
0.1015218 0.3480413 
Weights Layer 1
-0.6860819 0.1462907 


