[GeneticIndividual]: [-0.3458794,-0.1583518,-0.9291577,0.9012461,0.3761446,-0.3862649,-0.3488868,0.5956268,0.6890464,-0.3514031,-0.5893531,-0.6304772,0.812067,-0.5039518,-0.2849032,-0.5254922,0.2527795,-0.4784809,0.1198298,0.1839899,0.4445662,-0.6478486,-0.7471559,0.1650685,0.2008573,-0.3081831,-0.8855243,0.4097757,-0.02570903,0.09227455,-0.02940691,-0.8702357,0.116526,-0.6502852,0.1911937,-0.9168963,-0.6877,0.7077525,0.1023561,-0.7306128,0.8688614,-0.04064453,0.1052004,-0.1216074,-0.4851068,-0.6655087,-0.7626364,0.01082742,0.7357879,0.4390573,-0.4602116,-0.6121135,-0.5364351,0.8711193,0.8892908,0.06358111,-0.6473725,-0.7439375,-0.7228467,0.8823304]
Neural Network
Weights Layer 0
-0.3458794 -0.1583518 -0.9291577 0.9012461 0.3761446 -0.3862649 -0.3488868 0.5956268 0.6890464 -0.3514031 
Weights Layer 0
-0.5893531 -0.6304772 0.812067 -0.5039518 -0.2849032 -0.5254922 0.2527795 -0.4784809 0.1198298 0.1839899 
Weights Layer 0
0.4445662 -0.6478486 -0.7471559 0.1650685 0.2008573 -0.3081831 -0.8855243 0.4097757 -0.02570903 0.09227455 
Weights Layer 1
-0.02940691 -0.8702357 
Weights Layer 1
0.116526 -0.6502852 
Weights Layer 1
0.1911937 -0.9168963 
Weights Layer 1
-0.6877 0.7077525 
Weights Layer 1
0.1023561 -0.7306128 
Weights Layer 1
0.8688614 -0.04064453 
Weights Layer 1
0.1052004 -0.1216074 
Weights Layer 1
-0.4851068 -0.6655087 
Weights Layer 1
-0.7626364 0.01082742 
Weights Layer 1
0.7357879 0.4390573 


