[GeneticIndividual]: [0.8303766,0.06233823,-0.838747,0.596453,0.653367,-0.09782851,-0.1205953,-0.2930259,0.5872049,0.5019038,0.3893265,-0.6310985,0.8884232,-0.1831974,0.4202091,0.04142606,-0.831852,-0.906323,0.57482,-0.4941927,0.07090867,-0.7868667,-0.831157,-0.02861774,0.9644694,-0.3388785,0.8172052,-0.2995092,0.7928426,-0.7943423,-0.7042332,0.009366632,-0.007637858,0.8737884,-0.1066989,0.8796101,-0.2164887,0.5439684,-0.3922857,0.692457,0.9307463,0.005206943,-0.4148754,0.163653,-0.2395078,-0.9219427,-0.3931924,0.1010436,-0.102743,-0.3947204,-0.9052222,0.8751295,0.911097,-0.4170138,-0.6291118,-0.9606457,0.5323758,-0.9324734,-0.1643447,0.7347333]
Neural Network
Weights Layer 0
0.8303766 0.06233823 -0.838747 0.596453 0.653367 -0.09782851 -0.1205953 -0.2930259 0.5872049 0.5019038 
Weights Layer 0
0.3893265 -0.6310985 0.8884232 -0.1831974 0.4202091 0.04142606 -0.831852 -0.906323 0.57482 -0.4941927 
Weights Layer 0
0.07090867 -0.7868667 -0.831157 -0.02861774 0.9644694 -0.3388785 0.8172052 -0.2995092 0.7928426 -0.7943423 
Weights Layer 1
-0.7042332 0.009366632 
Weights Layer 1
-0.007637858 0.8737884 
Weights Layer 1
-0.1066989 0.8796101 
Weights Layer 1
-0.2164887 0.5439684 
Weights Layer 1
-0.3922857 0.692457 
Weights Layer 1
0.9307463 0.005206943 
Weights Layer 1
-0.4148754 0.163653 
Weights Layer 1
-0.2395078 -0.9219427 
Weights Layer 1
-0.3931924 0.1010436 
Weights Layer 1
-0.102743 -0.3947204 


