[GeneticIndividual]: [-0.3727278,-0.7825413,0.2726922,0.4421775,0.5540907,-0.9751799,0.4791174,0.8934798,0.4083008,-0.3857766,-0.5686398,-0.2564079,0.32673,0.6589861,0.07401907,0.9676015,0.1230577,-0.9264255,-0.06603181,0.4836383,-0.5643811,-0.02042019,-0.4627796,-0.07077539,0.8554032,0.5272722,-0.6972167,-0.01105058,-0.9483728,0.6914649,0.98018,-0.921911,-0.2573804,0.5593174,-0.6302702,0.6802862,0.4981794,0.7801771,0.8065746,0.4350002,-0.5931764,0.3711874,0.4015579,0.4140022,-0.0433315,-0.8867137,-0.8098612,-0.4944285,0.6653497,0.7365954,-0.4324061,-0.00492394,-0.07744467,-0.329192,-0.1926321,0.4899928,-0.4283105,0.4693851,-0.6406674,0.8801055]
Neural Network
Weights Layer 0
-0.3727278 -0.7825413 0.2726922 0.4421775 0.5540907 -0.9751799 0.4791174 0.8934798 0.4083008 -0.3857766 
Weights Layer 0
-0.5686398 -0.2564079 0.32673 0.6589861 0.07401907 0.9676015 0.1230577 -0.9264255 -0.06603181 0.4836383 
Weights Layer 0
-0.5643811 -0.02042019 -0.4627796 -0.07077539 0.8554032 0.5272722 -0.6972167 -0.01105058 -0.9483728 0.6914649 
Weights Layer 1
0.98018 -0.921911 
Weights Layer 1
-0.2573804 0.5593174 
Weights Layer 1
-0.6302702 0.6802862 
Weights Layer 1
0.4981794 0.7801771 
Weights Layer 1
0.8065746 0.4350002 
Weights Layer 1
-0.5931764 0.3711874 
Weights Layer 1
0.4015579 0.4140022 
Weights Layer 1
-0.0433315 -0.8867137 
Weights Layer 1
-0.8098612 -0.4944285 
Weights Layer 1
0.6653497 0.7365954 


