[GeneticIndividual]: [0.5005338,-0.5023606,-0.8256283,0.5786808,-0.4700888,-0.8173559,0.9825373,0.6739411,-0.5144417,-0.9158194,-0.3843256,-0.9163227,0.3350837,0.7799277,0.5984986,0.3676288,0.2954306,-0.1969432,-0.805886,0.8545303,0.7051425,-0.6228576,0.3744943,0.2174009,-0.7248876,-0.9677453,-0.4218003,0.08203495,-0.5789483,-0.4200968,0.176639,-0.2760419,0.6112809,0.2973315,0.2102066,0.680258,-0.6407273,0.5942025,0.7369621,-0.8816631,0.9427083,0.001087308,-0.3038455,0.4248817,-0.3517059,0.04189789,0.5124195,-0.7830241,0.2071174,-0.6881025,0.8709559,-0.8474045,-0.03023016,0.9085796,-0.3360311,0.7786963,0.5434082,-0.1851205,-0.7067237,-0.43498]
Neural Network
Weights Layer 0
0.5005338 -0.5023606 -0.8256283 0.5786808 -0.4700888 -0.8173559 0.9825373 0.6739411 -0.5144417 -0.9158194 
Weights Layer 0
-0.3843256 -0.9163227 0.3350837 0.7799277 0.5984986 0.3676288 0.2954306 -0.1969432 -0.805886 0.8545303 
Weights Layer 0
0.7051425 -0.6228576 0.3744943 0.2174009 -0.7248876 -0.9677453 -0.4218003 0.08203495 -0.5789483 -0.4200968 
Weights Layer 1
0.176639 -0.2760419 
Weights Layer 1
0.6112809 0.2973315 
Weights Layer 1
0.2102066 0.680258 
Weights Layer 1
-0.6407273 0.5942025 
Weights Layer 1
0.7369621 -0.8816631 
Weights Layer 1
0.9427083 0.001087308 
Weights Layer 1
-0.3038455 0.4248817 
Weights Layer 1
-0.3517059 0.04189789 
Weights Layer 1
0.5124195 -0.7830241 
Weights Layer 1
0.2071174 -0.6881025 


