[GeneticIndividual]: [0.9176772,0.696378,-0.8887658,0.9517326,0.3204486,0.2608418,-0.9675412,-0.7163253,-0.1233505,-0.02018774,-0.81674,-0.6513193,0.7679057,-0.3532549,0.2770292,0.8676164,-0.1843866,0.5825312,-0.6567433,-0.1465882,0.4334228,0.05893123,0.4478078,0.9236867,0.8748815,-0.09047258,-0.2903548,-0.4186286,0.4393739,-0.2782794,-0.7805674,-0.05470431,-0.356548,0.5394936,-0.4113058,0.8048494,0.1256667,0.446372,0.1207472,0.1844999,-0.1691464,0.5907156,0.5454307,-0.8369238,0.8667979,-0.9081995,0.4896319,0.2894113,0.7009895,-0.06649029,-0.1500729,-0.2802159,0.6865199,-0.05970728,-0.3410369,0.8197138,0.4002382,0.5274372,-0.3157576,-0.315472]
Neural Network
Weights Layer 0
0.9176772 0.696378 -0.8887658 0.9517326 0.3204486 0.2608418 -0.9675412 -0.7163253 -0.1233505 -0.02018774 
Weights Layer 0
-0.81674 -0.6513193 0.7679057 -0.3532549 0.2770292 0.8676164 -0.1843866 0.5825312 -0.6567433 -0.1465882 
Weights Layer 0
0.4334228 0.05893123 0.4478078 0.9236867 0.8748815 -0.09047258 -0.2903548 -0.4186286 0.4393739 -0.2782794 
Weights Layer 1
-0.7805674 -0.05470431 
Weights Layer 1
-0.356548 0.5394936 
Weights Layer 1
-0.4113058 0.8048494 
Weights Layer 1
0.1256667 0.446372 
Weights Layer 1
0.1207472 0.1844999 
Weights Layer 1
-0.1691464 0.5907156 
Weights Layer 1
0.5454307 -0.8369238 
Weights Layer 1
0.8667979 -0.9081995 
Weights Layer 1
0.4896319 0.2894113 
Weights Layer 1
0.7009895 -0.06649029 


