[GeneticIndividual]: [-0.1316682,-0.3472363,-0.8344584,0.7110324,-0.9679103,0.06343687,-0.1698982,0.4725358,-0.8005548,0.3791053,-0.81674,-0.2769972,-0.02845728,-0.3705629,-0.5966833,0.3502145,0.06906402,-0.1733607,-0.7390504,0.3558259,-0.3691484,-0.9448428,0.6738381,0.04295909,-0.6292317,0.2872977,-0.1232377,-0.04774463,-0.3410369,0.07808793,0.3992581,-0.6934783,0.9802501,-0.2583817,0.3397162,0.2464091,-0.6443808,0.3078267,0.261147,0.1015218,0.8360107,-0.6175938,0.8203623,0.5795648,-0.5129089,-0.9960902,0.1572217,0.2542755,0.2923016,-0.5988679,0.3689816,-0.9760203,0.5563874,-0.8273404,0.5924978,-0.6866474,0.126819,0.01367128,-0.3952476,0.8427618,0.08839619,-0.8401861,0.4314429,0.7903078,-0.7459993,-0.9849031,-0.8862188,-0.7163253,-0.1951278,0.9416029,0.8934195,0.9882727,0.8182704,-0.4617611,-0.3418037,0.8098149,-0.8304698,0.527451,-0.6567433,0.05101383,0.4334228,0.3543844,-0.2634579,0.5647943,-0.7674904,0.6543031,0.4143641,0.188516,0.6029816,-0.2782794,-0.09838116,-0.5694613,-0.4844178,0.625442,-0.7851205,0.8928108,-0.06335676,0.9081697,-0.4931198,-0.3712248,0.1204392,0.121576,0.9180679,0.6070449,-0.42249,0.7270629,-0.1733607,-0.425604,0.1201891,0.4159074,0.07767665,0.5365829,-0.4942878,-0.9486239,-0.7409713,-0.8386595,0.1894087,-0.6361828,0.4544155,-0.3520304,0.006892085,0.1233448,0.3767132,0.04177392,-0.4549047,0.8445528,-0.5343294,-0.5887394,0.5089078,0.4660337,0.1567672,0.7148962,-0.6865938,0.7397923,-0.2591413,0.5022769,0.8797357,-0.1290604,-0.6550457,-0.2049943,0.2741832,0.8329389,-0.9255722,-0.1584615,0.9174898,-0.7144964,-0.3061243,0.02561247,0.3438589,-0.1812021]
Neural Network
Weights Layer 0
-0.1316682 -0.3472363 -0.8344584 0.7110324 -0.9679103 0.06343687 -0.1698982 0.4725358 -0.8005548 0.3791053 -0.81674 -0.2769972 -0.02845728 -0.3705629 -0.5966833 0.3502145 0.06906402 -0.1733607 -0.7390504 0.3558259 -0.3691484 -0.9448428 0.6738381 0.04295909 -0.6292317 
Weights Layer 0
0.2872977 -0.1232377 -0.04774463 -0.3410369 0.07808793 0.3992581 -0.6934783 0.9802501 -0.2583817 0.3397162 0.2464091 -0.6443808 0.3078267 0.261147 0.1015218 0.8360107 -0.6175938 0.8203623 0.5795648 -0.5129089 -0.9960902 0.1572217 0.2542755 0.2923016 -0.5988679 
Weights Layer 0
0.3689816 -0.9760203 0.5563874 -0.8273404 0.5924978 -0.6866474 0.126819 0.01367128 -0.3952476 0.8427618 0.08839619 -0.8401861 0.4314429 0.7903078 -0.7459993 -0.9849031 -0.8862188 -0.7163253 -0.1951278 0.9416029 0.8934195 0.9882727 0.8182704 -0.4617611 -0.3418037 
Weights Layer 1
0.8098149 -0.8304698 
Weights Layer 1
0.527451 -0.6567433 
Weights Layer 1
0.05101383 0.4334228 
Weights Layer 1
0.3543844 -0.2634579 
Weights Layer 1
0.5647943 -0.7674904 
Weights Layer 1
0.6543031 0.4143641 
Weights Layer 1
0.188516 0.6029816 
Weights Layer 1
-0.2782794 -0.09838116 
Weights Layer 1
-0.5694613 -0.4844178 
Weights Layer 1
0.625442 -0.7851205 
Weights Layer 1
0.8928108 -0.06335676 
Weights Layer 1
0.9081697 -0.4931198 
Weights Layer 1
-0.3712248 0.1204392 
Weights Layer 1
0.121576 0.9180679 
Weights Layer 1
0.6070449 -0.42249 
Weights Layer 1
0.7270629 -0.1733607 
Weights Layer 1
-0.425604 0.1201891 
Weights Layer 1
0.4159074 0.07767665 
Weights Layer 1
0.5365829 -0.4942878 
Weights Layer 1
-0.9486239 -0.7409713 
Weights Layer 1
-0.8386595 0.1894087 
Weights Layer 1
-0.6361828 0.4544155 
Weights Layer 1
-0.3520304 0.006892085 
Weights Layer 1
0.1233448 0.3767132 
Weights Layer 1
0.04177392 -0.4549047 


