[GeneticIndividual]: [-0.8660223,-0.9141755,-0.7793164,-0.8594012,-0.2928065,-0.07858598,-0.2514373,0.6945527,0.9355347,0.8016279,-0.4943303,0.07261479,0.1176502,0.6523116,-0.09215677,0.8209629,-0.128018,0.4958563,0.1023005,0.1182703,-0.8917139,-0.9570539,-0.418944,0.09462798,-0.7290416,0.3596158,0.8538404,0.8674977,0.8040526,-0.5274327,0.7316408,-0.4892367,0.6221368,0.4114687,0.2731564,0.7141309,-0.004578471,0.2430595,0.6068594,0.7925069,-0.5555117,0.2510693,-0.620024,0.1512083,-0.4041828,-0.8695545,-0.1757964,0.2659993,-0.4613143,-0.09881938,0.6073797,0.8928859,-0.3405989,0.2385882,-0.8985615,-0.9555588,0.121564,0.03665578,0.3294553,-0.624455]
Neural Network
Weights Layer 0
-0.8660223 -0.9141755 -0.7793164 -0.8594012 -0.2928065 -0.07858598 -0.2514373 0.6945527 0.9355347 0.8016279 
Weights Layer 0
-0.4943303 0.07261479 0.1176502 0.6523116 -0.09215677 0.8209629 -0.128018 0.4958563 0.1023005 0.1182703 
Weights Layer 0
-0.8917139 -0.9570539 -0.418944 0.09462798 -0.7290416 0.3596158 0.8538404 0.8674977 0.8040526 -0.5274327 
Weights Layer 1
0.7316408 -0.4892367 
Weights Layer 1
0.6221368 0.4114687 
Weights Layer 1
0.2731564 0.7141309 
Weights Layer 1
-0.004578471 0.2430595 
Weights Layer 1
0.6068594 0.7925069 
Weights Layer 1
-0.5555117 0.2510693 
Weights Layer 1
-0.620024 0.1512083 
Weights Layer 1
-0.4041828 -0.8695545 
Weights Layer 1
-0.1757964 0.2659993 
Weights Layer 1
-0.4613143 -0.09881938 


