[GeneticIndividual]: [0.9171462,0.7059095,-0.349614,-0.6206834,-0.6128922,-0.4852997,0.5691278,-0.5320902,-0.9208632,0.4364187,0.1843499,-0.06379354,-0.8626726,-0.5472391,-0.1420039,-0.518028,-0.5702057,-0.3212677,0.6120534,0.8160408,0.8741083,0.4906234,-0.9385428,-0.9673982,-0.8985577,-0.7870054,-0.9669468,0.9782474,-0.5861239,0.2566204,0.3933088,0.6747291,-0.2943937,0.6475782,0.2652628,0.9593475,-0.2850507,0.9102142,-0.2444154,-0.755568,0.9601305,-0.19214,-0.5264742,-0.7484572,-0.2985572,-0.6005116,0.783201,0.2621727,-0.6502109,0.06400621,-0.1608828,0.6073384,0.4135248,0.6601479,0.8070972,-0.291473,-0.03296745,0.8713667,0.4863162,0.0950774]
Neural Network
Weights Layer 0
0.9171462 0.7059095 -0.349614 -0.6206834 -0.6128922 -0.4852997 0.5691278 -0.5320902 -0.9208632 0.4364187 
Weights Layer 0
0.1843499 -0.06379354 -0.8626726 -0.5472391 -0.1420039 -0.518028 -0.5702057 -0.3212677 0.6120534 0.8160408 
Weights Layer 0
0.8741083 0.4906234 -0.9385428 -0.9673982 -0.8985577 -0.7870054 -0.9669468 0.9782474 -0.5861239 0.2566204 
Weights Layer 1
0.3933088 0.6747291 
Weights Layer 1
-0.2943937 0.6475782 
Weights Layer 1
0.2652628 0.9593475 
Weights Layer 1
-0.2850507 0.9102142 
Weights Layer 1
-0.2444154 -0.755568 
Weights Layer 1
0.9601305 -0.19214 
Weights Layer 1
-0.5264742 -0.7484572 
Weights Layer 1
-0.2985572 -0.6005116 
Weights Layer 1
0.783201 0.2621727 
Weights Layer 1
-0.6502109 0.06400621 


