[GeneticIndividual]: [0.5833735,-0.7476151,0.8058333,-0.02227199,0.1484085,-0.006610513,0.3226711,-0.963093,-0.7613511,-0.4097043,-0.395121,-0.8594022,-0.4558593,0.5412924,0.2760706,-0.1039315,0.589098,-0.6010895,-0.6847296,-0.08703625,-0.5141633,-0.04357135,-0.2525955,-0.4673871,-0.2547423,-0.9446771,-0.9311893,0.01199448,-0.9060354,-0.06943309,-0.863436,0.009306312,0.5587957,-0.7007918,-0.4170309,-0.762516,0.1796073,-0.9854002,0.04654276,0.1307644,-0.4350697,0.76243,0.8822289,-0.7956543,-0.801302,-0.7360642,0.2806146,0.637805,-0.3305372,0.08645046,0.5207193,0.6570916,0.5693097,-0.4634672,-0.5743825,-0.6502092,-0.6941772,-0.9477737,-0.9213769,0.9376109]
Neural Network
Weights Layer 0
0.5833735 -0.7476151 0.8058333 -0.02227199 0.1484085 -0.006610513 0.3226711 -0.963093 -0.7613511 -0.4097043 
Weights Layer 0
-0.395121 -0.8594022 -0.4558593 0.5412924 0.2760706 -0.1039315 0.589098 -0.6010895 -0.6847296 -0.08703625 
Weights Layer 0
-0.5141633 -0.04357135 -0.2525955 -0.4673871 -0.2547423 -0.9446771 -0.9311893 0.01199448 -0.9060354 -0.06943309 
Weights Layer 1
-0.863436 0.009306312 
Weights Layer 1
0.5587957 -0.7007918 
Weights Layer 1
-0.4170309 -0.762516 
Weights Layer 1
0.1796073 -0.9854002 
Weights Layer 1
0.04654276 0.1307644 
Weights Layer 1
-0.4350697 0.76243 
Weights Layer 1
0.8822289 -0.7956543 
Weights Layer 1
-0.801302 -0.7360642 
Weights Layer 1
0.2806146 0.637805 
Weights Layer 1
-0.3305372 0.08645046 


