[GeneticIndividual]: [-0.3987573,0.06615865,0.7452283,0.1069549,0.7991149,0.4564688,0.3192551,0.6820054,-0.3978997,-0.4463953,-0.4531516,0.855428,0.7679057,-0.7461267,0.3601987,0.8676164,-0.6963139,-0.159331,0.2184352,-0.6106327,0.2485358,0.36253,0.4975373,0.9773633,0.9597077,-0.2544297,-0.05035794,0.867465,-0.1421851,-0.2782794,-0.7805674,0.1577863,-0.2431191,0.4483623,0.1522816,-0.9849031,0.2315117,-0.4589511,0.1207472,0.9416029,-0.1691464,0.5254014,0.2799701,-0.6937449,0.8667979,-0.8239362,-0.5417428,-0.6982121,0.765105,-0.8766968,0.6704183,-0.3618218,-0.2963187,0.6049623,-0.4675959,0.8197138,0.9377413,0.06417716,-0.6782053,0.08388793]
Neural Network
Weights Layer 0
-0.3987573 0.06615865 0.7452283 0.1069549 0.7991149 0.4564688 0.3192551 0.6820054 -0.3978997 -0.4463953 
Weights Layer 0
-0.4531516 0.855428 0.7679057 -0.7461267 0.3601987 0.8676164 -0.6963139 -0.159331 0.2184352 -0.6106327 
Weights Layer 0
0.2485358 0.36253 0.4975373 0.9773633 0.9597077 -0.2544297 -0.05035794 0.867465 -0.1421851 -0.2782794 
Weights Layer 1
-0.7805674 0.1577863 
Weights Layer 1
-0.2431191 0.4483623 
Weights Layer 1
0.1522816 -0.9849031 
Weights Layer 1
0.2315117 -0.4589511 
Weights Layer 1
0.1207472 0.9416029 
Weights Layer 1
-0.1691464 0.5254014 
Weights Layer 1
0.2799701 -0.6937449 
Weights Layer 1
0.8667979 -0.8239362 
Weights Layer 1
-0.5417428 -0.6982121 
Weights Layer 1
0.765105 -0.8766968 


