[GeneticIndividual]: [-0.1467129,-0.4541346,-0.009454608,-0.6154728,-0.762516,0.9465282,0.5884967,-0.3480445,0.09695899,0.8934195,-0.1553284,0.2159675,-0.09296334,0.6225863,0.188516,0.2806146,0.876436,-0.9679103,-0.5264959,-0.6493359,0.625442,-0.8005548,-0.4392465,0.4468836,0.8337286,-0.2854546,-0.9477737,-0.9213769,0.9376109,0.3896098,-0.1733607,0.7188678,0.7270629,-0.992662,0.08184302,0.4737267,0.9081697,-0.2769972,-0.02845728,-0.3385125,0.1737889,-0.7806127,0.3716907,0.1894087,-0.8844819,-0.9141755,-0.3691484,0.00617373,0.1233448,0.04140961,-0.6292317,-0.4549047,-0.1232377,-0.902626,0.2872977,-0.9693801,-0.9748435,-0.2271074,0.9802501,0.1572217]
Neural Network
Weights Layer 0
-0.1467129 -0.4541346 -0.009454608 -0.6154728 -0.762516 0.9465282 0.5884967 -0.3480445 0.09695899 0.8934195 
Weights Layer 0
-0.1553284 0.2159675 -0.09296334 0.6225863 0.188516 0.2806146 0.876436 -0.9679103 -0.5264959 -0.6493359 
Weights Layer 0
0.625442 -0.8005548 -0.4392465 0.4468836 0.8337286 -0.2854546 -0.9477737 -0.9213769 0.9376109 0.3896098 
Weights Layer 1
-0.1733607 0.7188678 
Weights Layer 1
0.7270629 -0.992662 
Weights Layer 1
0.08184302 0.4737267 
Weights Layer 1
0.9081697 -0.2769972 
Weights Layer 1
-0.02845728 -0.3385125 
Weights Layer 1
0.1737889 -0.7806127 
Weights Layer 1
0.3716907 0.1894087 
Weights Layer 1
-0.8844819 -0.9141755 
Weights Layer 1
-0.3691484 0.00617373 
Weights Layer 1
0.1233448 0.04140961 


