[GeneticIndividual]: [0.4047992,0.5271397,-0.3689584,-0.8523049,0.6616898,-0.01449168,-0.8809948,0.9669268,-0.9331403,-0.9276576,-0.3388723,-0.390947,-0.4699548,0.03638303,-0.86063,0.9577549,0.3967383,0.9643822,-0.2702576,-0.5560908,0.5519497,0.5579648,-0.5856619,0.7145083,-0.3145519,0.7385805,-0.428763,0.1859206,-0.7002525,-0.5817113,-0.4581546,0.9843445,-0.9155097,-0.7678406,0.1577255,-0.5866609,0.3005163,0.4573192,-0.7741811,0.1456147,0.1526173,-0.1797992,0.7896388,-0.1054283,-0.9019394,0.9275832,0.2410725,0.3582625,-0.7453313,0.1859728,-0.5613017,0.2259134,-0.8925846,-0.8649759,-0.7858577,-0.5279737,-0.6313779,0.4580788,-0.719018,0.1702195]
Neural Network
Weights Layer 0
0.4047992 0.5271397 -0.3689584 -0.8523049 0.6616898 -0.01449168 -0.8809948 0.9669268 -0.9331403 -0.9276576 
Weights Layer 0
-0.3388723 -0.390947 -0.4699548 0.03638303 -0.86063 0.9577549 0.3967383 0.9643822 -0.2702576 -0.5560908 
Weights Layer 0
0.5519497 0.5579648 -0.5856619 0.7145083 -0.3145519 0.7385805 -0.428763 0.1859206 -0.7002525 -0.5817113 
Weights Layer 1
-0.4581546 0.9843445 
Weights Layer 1
-0.9155097 -0.7678406 
Weights Layer 1
0.1577255 -0.5866609 
Weights Layer 1
0.3005163 0.4573192 
Weights Layer 1
-0.7741811 0.1456147 
Weights Layer 1
0.1526173 -0.1797992 
Weights Layer 1
0.7896388 -0.1054283 
Weights Layer 1
-0.9019394 0.9275832 
Weights Layer 1
0.2410725 0.3582625 
Weights Layer 1
-0.7453313 0.1859728 


