[GeneticIndividual]: [0.4891185,0.1644911,-0.664083,0.1505977,-0.8736658,0.4383089,-0.09756839,0.0859431,0.4247145,-0.4522389,-0.8698537,-0.81674,-0.5770576,-0.5406637,0.5869317,0.9681847,0.3453943,0.3841335,-0.9591744,0.8234744,0.4270966,-0.09342611,0.8356185,0.9707558,-0.8095984,0.05893123,-0.5108681,0.3583204,-0.3646613,0.6547973,0.9031005,0.09793746,0.4014723,-0.291555,-0.8422856,-0.2820283,-0.3001307,0.293679,-0.4756416,-0.1455797,-0.03584206,-0.3281676,-0.1311687,-0.3362406,-0.4867731,0.446372,-0.1416994,-0.845439,0.2956521,-0.3137442,-0.9372442,-0.414951,0.5907156,0.8965306,-0.7849658,0.6081879,0.2175564,-0.458119,0.3430347,-0.2394608]
Neural Network
Weights Layer 0
0.4891185 0.1644911 -0.664083 0.1505977 -0.8736658 0.4383089 -0.09756839 0.0859431 0.4247145 -0.4522389 
Weights Layer 0
-0.8698537 -0.81674 -0.5770576 -0.5406637 0.5869317 0.9681847 0.3453943 0.3841335 -0.9591744 0.8234744 
Weights Layer 0
0.4270966 -0.09342611 0.8356185 0.9707558 -0.8095984 0.05893123 -0.5108681 0.3583204 -0.3646613 0.6547973 
Weights Layer 1
0.9031005 0.09793746 
Weights Layer 1
0.4014723 -0.291555 
Weights Layer 1
-0.8422856 -0.2820283 
Weights Layer 1
-0.3001307 0.293679 
Weights Layer 1
-0.4756416 -0.1455797 
Weights Layer 1
-0.03584206 -0.3281676 
Weights Layer 1
-0.1311687 -0.3362406 
Weights Layer 1
-0.4867731 0.446372 
Weights Layer 1
-0.1416994 -0.845439 
Weights Layer 1
0.2956521 -0.3137442 


