[GeneticIndividual]: [-0.4096092,0.5756571,0.3159356,-0.05459177,-0.7107532,0.6876056,-0.2669767,-0.6458693,0.6535773,0.4982049,0.7362473,0.05420578,0.1609663,0.8840528,-0.964643,0.6965582,-0.2497634,-0.3744475,-0.4938828,0.3318515,0.2874174,-0.4392306,-0.02032125,-0.8172071,-0.6939232,0.7111266,0.2908282,0.9292712,0.5046294,0.0816046,-0.28697,0.5300035,-0.7469063,-0.0832516,0.2469555,-0.9217067,-0.4581243,-0.6150827,0.6403852,0.7277629,-0.2187716,0.8536649,0.6451755,-0.5923207,0.5525255,-0.6051848,-0.7278533,-0.7559695,-0.4640435,0.9187238,0.06214917,-0.8272686,-0.1176542,-0.61849,-0.8283336,-0.168389,0.1327883,0.3413868,0.6878419,0.7900846]
Neural Network
Weights Layer 0
-0.4096092 0.5756571 0.3159356 -0.05459177 -0.7107532 0.6876056 -0.2669767 -0.6458693 0.6535773 0.4982049 
Weights Layer 0
0.7362473 0.05420578 0.1609663 0.8840528 -0.964643 0.6965582 -0.2497634 -0.3744475 -0.4938828 0.3318515 
Weights Layer 0
0.2874174 -0.4392306 -0.02032125 -0.8172071 -0.6939232 0.7111266 0.2908282 0.9292712 0.5046294 0.0816046 
Weights Layer 1
-0.28697 0.5300035 
Weights Layer 1
-0.7469063 -0.0832516 
Weights Layer 1
0.2469555 -0.9217067 
Weights Layer 1
-0.4581243 -0.6150827 
Weights Layer 1
0.6403852 0.7277629 
Weights Layer 1
-0.2187716 0.8536649 
Weights Layer 1
0.6451755 -0.5923207 
Weights Layer 1
0.5525255 -0.6051848 
Weights Layer 1
-0.7278533 -0.7559695 
Weights Layer 1
-0.4640435 0.9187238 


