[GeneticIndividual]: [0.08839619,-0.9999609,0.04177392,0.1069549,0.8449497,0.2608418,0.3192551,-0.7163253,-0.3978997,-0.1588749,-0.4531516,0.2679991,0.3802559,-0.2591413,0.589154,0.5434518,-0.1843866,-0.159331,-0.6567433,0.05101383,0.4334228,0.05893123,0.2056373,0.9174898,-0.5754316,-0.7017999,0.1894087,-0.8023794,0.2485358,-0.2782794,-0.4942595,0.1233448,-0.2431191,-0.1031123,-0.4549047,0.8445528,-0.5773513,0.446372,0.6134005,-0.9748435,-0.1691464,0.5907156,-0.2450532,0.6081879,0.08797371,0.8424413,0.783201,-0.6982121,0.7009895,0.1522816,-0.6004307,0.2643988,-0.6787229,0.6050053,-0.3410369,0.8197138,0.9377413,0.5274372,-0.2862729,0.08388793]
Neural Network
Weights Layer 0
0.08839619 -0.9999609 0.04177392 0.1069549 0.8449497 0.2608418 0.3192551 -0.7163253 -0.3978997 -0.1588749 
Weights Layer 0
-0.4531516 0.2679991 0.3802559 -0.2591413 0.589154 0.5434518 -0.1843866 -0.159331 -0.6567433 0.05101383 
Weights Layer 0
0.4334228 0.05893123 0.2056373 0.9174898 -0.5754316 -0.7017999 0.1894087 -0.8023794 0.2485358 -0.2782794 
Weights Layer 1
-0.4942595 0.1233448 
Weights Layer 1
-0.2431191 -0.1031123 
Weights Layer 1
-0.4549047 0.8445528 
Weights Layer 1
-0.5773513 0.446372 
Weights Layer 1
0.6134005 -0.9748435 
Weights Layer 1
-0.1691464 0.5907156 
Weights Layer 1
-0.2450532 0.6081879 
Weights Layer 1
0.08797371 0.8424413 
Weights Layer 1
0.783201 -0.6982121 
Weights Layer 1
0.7009895 0.1522816 


